sprite1,6,24,16,16
sprite2,26,24,16,16
sprite3,51,24,16,16
sprite4,91,24,16,16
sprite5,136,24,8,16
sprite6,71,25,15,15
sprite7,111,25,15,15
sprite8,173,26,22,14
sprite9,153,31,16,9
sprite10,6,49,16,16
sprite11,26,49,16,16
sprite12,46,49,15,16
sprite13,66,49,16,16
sprite14,86,49,16,16
sprite15,106,49,16,16
sprite16,66,76,22,23
sprite17,99,76,23,23
sprite18,127,76,23,23
sprite19,160,76,22,23
sprite20,46,77,16,22
sprite21,188,77,16,22
sprite22,6,83,16,16
sprite23,26,83,16,16
sprite24,208,83,16,16
sprite25,228,83,16,16
sprite26,248,83,16,15
sprite27,26,108,16,22
sprite28,63,108,23,22
sprite29,97,108,23,23
sprite30,125,108,22,23
sprite31,185,108,23,22
sprite32,213,108,22,22
sprite33,152,109,23,22
sprite34,241,109,16,22
sprite35,6,115,16,16
sprite36,49,115,2,2
sprite37,261,115,16,16
sprite38,6,140,16,16
sprite39,26,140,16,16
sprite40,46,140,16,16
sprite41,66,140,16,16
sprite42,91,140,16,16
sprite43,111,140,16,16
sprite44,131,140,16,16
sprite45,14,160,16,23
sprite46,261,162,8,8
sprite47,63,163,8,8
sprite48,50,167,16,16
sprite49,86,167,24,16
sprite50,122,167,21,19
sprite51,158,167,16,24
sprite52,189,167,21,19
sprite53,222,167,24,16
sprite54,266,167,16,16
sprite55,6,200,23,22
sprite56,74,207,7,8
sprite57,84,207,1,1
sprite58,83,207,7,7
sprite59,94,207,16,16
sprite60,121,208,2,5
sprite61,34,209,16,14
sprite62,127,209,1,1
sprite63,116,210,2,2
sprite64,118,211,3,3
sprite65,124,211,3,3
sprite66,89,212,1,2
sprite67,54,214,16,9
sprite68,128,214,1,1
sprite69,83,215,7,8
sprite70,115,215,1,1
sprite71,74,216,1,2
sprite72,74,216,7,7
sprite73,117,216,3,3
sprite74,123,216,3,3
sprite75,89,217,1,1
sprite76,121,217,2,5
sprite77,126,218,2,2
sprite78,116,220,1,1
sprite79,79,222,1,1
sprite80,83,222,2,1
sprite81,7,232,14,16
sprite82,27,232,14,17
sprite83,47,232,14,16
sprite84,67,232,14,18
sprite85,86,232,16,16
sprite86,111,232,16,19
sprite87,131,232,16,16
sprite88,151,232,15,16
sprite89,171,232,16,19
sprite90,196,232,15,16
sprite91,257,232,15,16
sprite92,282,233,22,28
sprite93,310,233,22,26
sprite94,338,233,22,26
sprite95,366,233,22,28
sprite96,216,236,16,12
sprite97,236,236,16,12
sprite98,6,273,16,16
sprite99,26,273,16,15
sprite100,46,273,16,16
sprite101,66,273,16,16
sprite102,103,273,16,16
sprite103,169,273,15,16
sprite104,191,273,19,13
sprite105,217,273,15,15
sprite106,241,275,16,14
sprite107,306,275,16,14
sprite108,217,299,25,31
sprite109,184,302,29,28
sprite110,7,314,15,16
sprite111,27,314,14,14
sprite112,46,314,15,16
sprite113,103,314,16,16
sprite114,123,314,16,16
sprite115,150,314,5,14
sprite116,162,314,11,14
sprite117,246,315,25,15
sprite118,275,315,25,15
sprite119,304,315,25,15
sprite120,73,316,20,14
sprite121,159,340,1,1
sprite122,161,340,1,1
sprite123,32,342,23,26
sprite124,59,342,24,26
sprite125,148,342,23,29
sprite126,94,345,21,26
sprite127,120,348,23,23
sprite128,267,348,5,5
sprite129,267,348,20,22
sprite130,303,348,12,22
sprite131,323,348,5,5
sprite132,337,348,6,22
sprite133,351,348,5,5
sprite134,351,348,12,22
sprite135,323,350,6,20
sprite136,183,354,20,16
sprite137,211,354,21,16
sprite138,237,354,22,16
sprite139,6,355,16,16
sprite140,258,355,1,1
sprite141,382,355,16,16
sprite142,143,357,1,1
sprite143,328,359,1,1
sprite144,203,367,1,1
sprite145,75,380,32,31
sprite146,154,380,30,32
sprite147,120,381,27,31
sprite148,41,382,28,29
sprite149,189,382,31,30
sprite150,231,386,3,4
sprite151,285,386,4,4
sprite152,285,386,24,25
sprite153,229,387,24,24
sprite154,257,387,24,24
sprite155,6,388,24,24
sprite156,318,388,24,24
sprite157,7,421,15,16
sprite158,26,421,16,18
sprite159,48,421,20,15
sprite160,76,421,20,15
sprite161,102,421,16,16
sprite162,122,421,16,16
sprite163,142,421,16,16
sprite164,188,421,14,16
sprite165,207,421,15,16
sprite166,227,421,16,16
sprite167,253,421,22,16
sprite168,281,421,22,16
sprite169,167,424,16,13
sprite170,54,454,24,26
sprite171,87,454,16,11
sprite172,111,454,16,14
sprite173,26,456,24,24
sprite174,139,458,16,5
sprite175,7,460,14,12
sprite176,108,463,22,24
sprite177,136,463,22,24
sprite178,164,463,22,24
sprite179,87,477,16,5
sprite180,293,509,22,16
sprite181,321,509,23,16
sprite182,361,509,23,16
sprite183,389,509,23,16
sprite184,418,509,19,16
sprite185,446,509,19,16
sprite186,209,510,22,15
sprite187,237,510,22,15
sprite188,265,510,22,15
sprite189,6,511,19,14
sprite190,34,511,19,14
sprite191,86,511,20,14
sprite192,115,511,23,14
sprite193,191,513,8,8
sprite194,143,515,8,1
sprite195,155,515,32,1
sprite196,62,517,8,8
sprite197,143,518,8,1
sprite198,155,518,32,1
sprite199,103,548,16,16
sprite200,123,548,16,16
sprite201,143,548,16,16
sprite202,163,548,8,7
sprite203,171,548,1,1
sprite204,172,548,7,8
sprite205,183,548,1,1
sprite206,183,548,16,8
sprite207,203,548,16,16
sprite208,228,548,16,16
sprite209,248,548,16,16
sprite210,268,548,16,16
sprite211,288,548,16,16
sprite212,344,548,16,16
sprite213,58,549,16,15
sprite214,78,549,16,15
sprite215,332,549,8,7
sprite216,6,550,15,14
sprite217,26,552,15,12
sprite218,163,555,1,1
sprite219,163,556,7,8
sprite220,178,556,1,1
sprite221,183,556,16,8
sprite222,311,556,1,2
sprite223,171,557,8,7
sprite224,332,557,4,5
sprite225,337,557,3,5
sprite226,198,561,1,1
sprite227,170,563,1,1
sprite228,198,563,1,1
sprite229,336,563,1,1
sprite230,6,586,16,16
sprite231,26,586,16,16
sprite232,46,586,16,15
sprite233,130,586,16,16
sprite234,200,586,15,15
sprite235,291,586,15,15
sprite236,396,586,16,16
sprite237,66,587,16,15
sprite238,86,587,16,15
sprite239,106,587,16,15
sprite240,247,587,15,15
sprite241,337,587,10,8
sprite242,382,587,10,8
sprite243,152,588,8,13
sprite244,339,598,8,4
sprite245,384,598,8,4
sprite246,6,624,16,16
sprite247,26,624,16,16
sprite248,102,624,24,16
sprite249,130,624,24,16
sprite250,158,624,24,15
sprite251,186,624,24,15
sprite252,214,624,24,16
sprite253,242,624,24,16
sprite254,294,624,16,16
sprite255,314,624,16,16
sprite256,334,624,15,16
sprite257,354,624,15,16
sprite258,374,624,16,16
sprite259,394,624,16,16
sprite260,46,626,24,13
sprite261,77,626,3,1
sprite262,74,626,24,13
sprite263,282,626,8,13
sprite264,273,628,2,1
sprite265,270,630,8,5
sprite266,271,636,2,1
sprite267,53,638,2,1
sprite268,81,638,2,1
sprite269,419,662,1,3
sprite270,102,670,40,40
sprite271,146,670,40,40
sprite272,315,670,1,1
sprite273,288,671,1,1
sprite274,300,671,6,6
sprite275,416,671,3,6
sprite276,407,672,24,29
sprite277,290,673,1,1
sprite278,292,673,1,1
sprite279,313,674,1,1
sprite280,316,674,1,1
sprite281,290,675,1,1
sprite282,292,675,1,1
sprite283,190,676,32,32
sprite284,226,676,32,32
sprite285,315,676,1,1
sprite286,347,679,3,6
sprite287,371,679,32,30
sprite288,340,680,1,1
sprite289,343,680,1,1
sprite290,331,680,32,29
sprite291,300,683,6,6
sprite292,314,683,1,1
sprite293,290,684,1,1
sprite294,292,684,1,1
sprite295,313,685,1,1
sprite296,316,685,1,1
sprite297,290,686,1,1
sprite298,292,686,1,1
sprite299,288,688,1,1
sprite300,47,689,22,19
sprite301,75,689,22,19
sprite302,314,689,1,1
sprite303,364,693,3,1
sprite304,6,694,16,14
sprite305,26,694,16,14
sprite306,267,694,16,16
sprite307,327,694,3,1
sprite308,300,695,2,2
sprite309,308,695,2,2
sprite310,289,696,1,1
sprite311,320,696,1,1
sprite312,430,696,1,1
sprite313,290,697,3,3
sprite314,295,697,3,2
sprite315,312,697,3,2
sprite316,317,697,3,3
sprite317,298,699,2,3
sprite318,310,699,2,3
sprite319,290,702,2,3
sprite320,318,702,2,3
sprite321,297,704,3,3
sprite322,310,704,3,3
sprite323,292,705,3,2
sprite324,315,705,3,2
sprite325,288,707,2,2
sprite326,300,707,1,1
sprite327,309,707,1,1
sprite328,320,707,2,2
sprite329,418,707,1,3
sprite330,6,732,16,16
sprite331,26,732,16,16
sprite332,46,732,16,16
sprite333,66,732,16,16
sprite334,86,732,16,16
sprite335,106,732,16,16
sprite336,126,732,16,16
sprite337,146,732,16,16
sprite338,186,732,8,16
sprite339,198,732,16,16
sprite340,218,732,16,16
sprite341,238,732,16,16
sprite342,258,732,16,16
sprite343,278,732,16,16
sprite344,298,732,16,16
sprite345,318,732,16,16
sprite346,338,732,16,16
sprite347,378,732,8,16
sprite348,166,740,16,8
sprite349,358,740,16,8
sprite350,390,740,8,8
sprite351,46,772,16,12
sprite352,66,772,16,12
sprite353,6,778,8,12
sprite354,120,782,20,21
sprite355,147,782,22,19
sprite356,176,782,20,16
sprite357,202,782,16,16
sprite358,222,782,16,16
sprite359,242,782,16,16
sprite360,280,782,15,16
sprite361,300,782,15,16
sprite362,320,782,15,16
sprite363,340,782,15,16
sprite364,360,782,15,15
sprite365,380,782,15,15
sprite366,98,783,16,14
sprite367,6,790,16,16
sprite368,26,790,16,16
sprite369,267,790,8,8
sprite370,46,792,16,12
sprite371,66,792,16,12
sprite372,6,828,16,15
sprite373,27,828,15,16
sprite374,66,828,15,16
sprite375,86,828,16,16
sprite376,106,828,16,16
sprite377,126,828,24,16
sprite378,165,828,3,1
sprite379,208,828,15,16
sprite380,228,828,14,16
sprite381,248,828,14,16
sprite382,268,828,14,16
sprite383,288,828,15,16
sprite384,307,828,16,16
sprite385,327,828,16,16
sprite386,347,828,16,16
sprite387,367,828,16,16
sprite388,46,829,16,15
sprite389,157,829,20,14
sprite390,182,829,15,15
sprite391,362,832,1,1
sprite392,155,841,2,1
sprite393,132,843,3,1
sprite394,157,843,4,1
sprite395,207,868,23,22
sprite396,240,868,23,22
sprite397,46,871,16,19
sprite398,268,871,18,19
sprite399,6,874,16,16
sprite400,26,874,16,16
sprite401,88,874,12,16
sprite402,108,874,11,16
sprite403,146,874,16,16
sprite404,167,874,15,16
sprite405,186,875,16,15
sprite406,67,876,14,12
sprite407,126,877,16,13
sprite408,6,912,16,16
sprite409,26,912,16,16
sprite410,103,912,22,16
sprite411,130,912,20,28
sprite412,162,912,28,20
sprite413,194,912,16,16
sprite414,214,912,16,16
sprite415,234,912,16,16
sprite416,254,912,16,16
sprite417,279,912,8,8
sprite418,291,912,8,8
sprite419,303,912,8,8
sprite420,315,912,8,8
sprite421,327,912,11,8
sprite422,359,912,8,9
sprite423,371,912,8,8
sprite424,383,912,8,9
sprite425,397,912,4,8
sprite426,47,913,22,15
sprite427,75,913,22,15
sprite428,347,916,8,4
sprite429,26,968,16,22
sprite430,203,968,16,22
sprite431,6,974,16,16
sprite432,78,974,16,16
sprite433,98,974,16,16
sprite434,138,974,16,16
sprite435,183,974,16,16
sprite436,255,974,16,16
sprite437,275,974,16,9
sprite438,295,974,16,16
sprite439,343,974,16,16
sprite440,363,974,16,16
sprite441,403,974,16,16
sprite442,58,975,16,15
sprite443,118,975,16,15
sprite444,235,975,16,15
sprite445,423,975,16,15
sprite446,46,976,8,8
sprite447,223,976,8,8
sprite448,316,976,21,14
sprite449,158,978,16,12
sprite450,383,981,16,9
sprite451,236,1012,21,35
sprite452,279,1012,21,35
sprite453,456,1013,7,15
sprite454,145,1016,26,8
sprite455,322,1016,16,31
sprite456,201,1017,16,8
sprite457,94,1018,16,16
sprite458,49,1026,8,26
sprite459,150,1031,16,16
sprite460,193,1031,16,16
sprite461,107,1032,16,15
sprite462,21,1034,16,13
sprite463,64,1034,16,13
sprite464,456,1034,8,14
sprite465,11,1048,16,8
sprite466,456,1056,8,12
sprite467,99,1066,16,31
sprite468,153,1066,12,30
sprite469,6,1067,19,29
sprite470,69,1069,17,28
sprite471,126,1069,17,28
sprite472,448,1072,13,9
sprite473,35,1074,24,22
sprite474,174,1077,21,19
sprite475,204,1083,26,21
sprite476,260,1083,29,17
sprite477,448,1092,16,16
sprite478,448,1112,16,16
sprite479,150,1114,23,36
sprite480,178,1114,23,36
sprite481,95,1115,16,35
sprite482,241,1115,16,35
sprite483,115,1116,24,34
sprite484,211,1116,24,34
sprite485,55,1119,16,31
sprite486,75,1119,16,31
sprite487,261,1119,16,31
sprite488,281,1119,16,31
sprite489,6,1121,20,29
sprite490,30,1134,16,23
sprite491,301,1134,16,15
sprite492,448,1136,16,12
sprite493,456,1155,8,13
sprite494,79,1171,14,28
sprite495,140,1171,17,33
sprite496,161,1171,17,30
sprite497,182,1171,16,30
sprite498,202,1171,17,33
sprite499,303,1171,15,30
sprite500,440,1172,24,16
sprite501,7,1174,16,23
sprite502,55,1174,16,23
sprite503,281,1175,17,26
sprite504,31,1177,19,21
sprite505,107,1179,24,16
sprite506,254,1180,22,21
sprite507,228,1183,21,18
sprite508,448,1192,16,8
sprite509,6,1220,21,22
sprite510,31,1220,22,22
sprite511,58,1220,21,21
sprite512,118,1220,16,25
sprite513,144,1220,19,27
sprite514,174,1220,16,24
sprite515,243,1220,15,28
sprite516,270,1220,20,27
sprite517,83,1221,22,21
sprite518,224,1221,14,25
sprite519,204,1223,15,25
sprite520,146,1264,26,8
sprite521,11,1266,8,12
sprite522,77,1266,16,8
sprite523,217,1266,30,24
sprite524,299,1266,16,8
sprite525,373,1266,24,32
sprite526,19,1274,16,16
sprite527,85,1274,16,16
sprite528,151,1275,16,15
sprite529,283,1277,16,13
sprite530,349,1277,16,13
sprite531,297,1282,16,16
sprite532,339,1292,16,8
sprite533,141,1304,26,33
sprite534,207,1304,26,33
sprite535,278,1308,21,29
sprite536,74,1312,8,14
sprite537,5,1316,8,26
sprite538,85,1321,16,16
sprite539,19,1322,16,15
sprite540,42,1337,16,8
sprite541,8,1356,26,24
sprite542,49,1356,24,24
sprite543,257,1356,24,24
sprite544,101,1359,8,26
sprite545,220,1359,8,26
sprite546,85,1364,15,16
sprite547,121,1364,15,16
sprite548,152,1364,26,24
sprite549,194,1364,15,16
sprite550,229,1364,15,16
sprite551,129,1372,16,16
sprite552,185,1372,16,16
sprite553,101,1410,17,32
sprite554,141,1410,18,32
sprite555,181,1411,20,31
sprite556,51,1417,26,25
sprite557,448,1417,12,12
sprite558,210,1428,20,30
sprite559,249,1428,17,30
sprite560,285,1428,26,28
sprite561,9,1430,28,21
sprite562,448,1440,16,9
sprite563,451,1453,10,16
sprite564,5,1469,19,31
sprite565,107,1469,18,31
sprite566,166,1470,16,14
sprite567,70,1471,22,29
sprite568,134,1471,22,29
sprite569,34,1473,27,27
sprite570,452,1473,9,16
sprite571,194,1479,22,21
sprite572,227,1482,30,18
sprite573,177,1484,8,16
sprite574,293,1484,28,22
sprite575,453,1493,12,12
sprite576,449,1519,13,13
sprite577,172,1522,26,37
sprite578,203,1522,26,37
sprite579,107,1524,20,35
sprite580,131,1524,30,35
sprite581,239,1524,30,35
sprite582,275,1524,20,35
sprite583,5,1529,20,30
sprite584,59,1529,20,30
sprite585,83,1529,20,30
sprite586,298,1529,20,30
sprite587,321,1529,20,30
sprite588,451,1536,12,16
sprite589,29,1543,17,26
sprite590,345,1543,16,15
sprite591,449,1558,16,14
sprite592,450,1577,15,15
sprite593,93,1586,16,32
sprite594,157,1586,20,34
sprite595,181,1586,20,31
sprite596,205,1586,20,31
sprite597,229,1586,20,34
sprite598,337,1586,19,31
sprite599,6,1589,21,27
sprite600,60,1589,21,27
sprite601,32,1591,22,26
sprite602,313,1592,20,25
sprite603,121,1594,28,21
sprite604,451,1596,14,16
sprite605,258,1597,23,20
sprite606,286,1597,23,20
sprite607,449,1617,16,15
sprite608,11,1634,24,25
sprite609,44,1634,25,25
sprite610,79,1634,24,25
sprite611,150,1634,17,26
sprite612,176,1634,19,28
sprite613,206,1634,17,25
sprite614,111,1635,26,25
sprite615,287,1635,21,31
sprite616,320,1636,21,28
sprite617,262,1637,20,27
sprite618,236,1639,21,27
sprite619,449,1641,16,13
sprite620,261,1677,16,32
sprite621,318,1678,19,31
sprite622,201,1683,27,26
sprite623,7,1691,30,18
sprite624,81,1697,16,12
sprite625,141,1697,16,12
sprite626,160,1698,16,13
sprite627,105,1699,16,13
sprite628,103,1736,21,32
sprite629,144,1736,20,32
sprite630,185,1736,21,32
sprite631,450,1736,14,16
sprite632,46,1748,16,16
sprite633,5,1756,32,20
sprite634,62,1756,16,12
sprite635,449,1756,16,16
sprite636,449,1776,16,16
sprite637,117,1785,16,32
sprite638,77,1786,22,31
sprite639,143,1786,22,31
sprite640,175,1787,18,30
sprite641,5,1788,24,29
sprite642,38,1788,29,29
sprite643,203,1795,21,22
sprite644,449,1796,16,16
sprite645,233,1797,28,20
sprite646,292,1801,16,16
sprite647,307,1810,16,16
sprite648,449,1816,16,16
sprite649,179,1835,25,37
sprite650,210,1835,25,37
sprite651,135,1837,32,35
sprite652,245,1837,32,35
sprite653,110,1838,21,34
sprite654,284,1838,21,34
sprite655,6,1840,20,32
sprite656,60,1841,20,31
sprite657,85,1841,20,31
sprite658,310,1841,20,31
sprite659,335,1841,20,31
sprite660,30,1856,20,30
sprite661,359,1856,16,15
sprite662,87,1895,20,28
sprite663,197,1895,19,34
sprite664,221,1895,19,31
sprite665,245,1895,19,31
sprite666,269,1895,19,34
sprite667,50,1897,17,27
sprite668,386,1897,17,29
sprite669,362,1899,19,27
sprite670,124,1900,25,25
sprite671,158,1901,29,22
sprite672,329,1904,28,22
sprite673,13,1905,17,18
sprite674,297,1906,27,20
sprite675,6,1943,26,26
sprite676,36,1943,27,26
sprite677,68,1943,26,26
sprite678,138,1943,19,26
sprite679,164,1943,21,28
sprite680,194,1943,19,25
sprite681,273,1943,19,31
sprite682,305,1943,20,29
sprite683,98,1944,27,26
sprite684,249,1945,18,27
sprite685,224,1947,20,27
sprite686,124,1983,16,16
sprite687,190,1983,16,16
sprite688,63,1987,29,29
sprite689,238,1988,29,28
sprite690,5,1993,16,16
sprite691,309,1997,16,16
sprite692,22,2000,16,16
sprite693,130,2000,16,16
sprite694,346,2000,16,16
sprite695,184,2001,16,15
sprite696,292,2004,16,12
sprite697,361,2009,16,16
sprite698,136,2029,16,16
sprite699,178,2029,16,16
sprite700,225,2033,29,29
sprite701,338,2033,24,29
sprite702,76,2034,29,28
sprite703,275,2039,16,16
sprite704,39,2043,16,16
sprite705,184,2046,16,16
sprite706,292,2046,16,16
sprite707,130,2047,16,15
sprite708,22,2050,16,12
sprite709,21,2080,21,32
sprite710,363,2081,23,30
sprite711,71,2089,30,23
sprite712,305,2089,31,22
sprite713,214,2096,21,31
sprite714,255,2096,30,22
sprite715,120,2097,31,22
sprite716,170,2097,22,30
sprite717,77,2149,1,2
sprite718,79,2149,1,1
sprite719,82,2149,2,2
sprite720,234,2149,4,4
sprite721,239,2149,3,3
sprite722,46,2150,1,1
sprite723,48,2150,1,1
sprite724,71,2150,23,33
sprite725,42,2151,1,1
sprite726,70,2151,1,1
sprite727,123,2151,3,3
sprite728,127,2151,10,10
sprite729,272,2151,16,29
sprite730,236,2152,2,2
sprite731,457,2152,8,13
sprite732,37,2153,2,2
sprite733,41,2153,1,1
sprite734,67,2153,2,2
sprite735,228,2153,8,7
sprite736,12,2154,20,29
sprite737,40,2154,23,29
sprite738,38,2156,1,2
sprite739,69,2156,1,2
sprite740,37,2159,1,1
sprite741,67,2159,2,2
sprite742,134,2159,5,4
sprite743,226,2159,5,4
sprite744,236,2159,16,16
sprite745,113,2162,16,13
sprite746,154,2162,16,13
sprite747,195,2162,16,13
sprite748,68,2164,2,2
sprite749,136,2164,3,3
sprite750,226,2164,3,3
sprite751,178,2167,3,3
sprite752,185,2167,3,3
sprite753,176,2171,5,4
sprite754,185,2171,5,4
sprite755,457,2171,8,14
sprite756,171,2174,8,7
sprite757,187,2174,8,7
sprite758,169,2180,2,2
sprite759,195,2180,2,2
sprite760,169,2181,4,4
sprite761,193,2181,4,4
sprite762,165,2182,3,3
sprite763,198,2182,3,3
sprite764,450,2189,11,13
sprite765,202,2195,1,1
sprite766,204,2195,1,1
sprite767,231,2195,18,35
sprite768,250,2195,2,2
sprite769,288,2195,1,1
sprite770,290,2195,1,1
sprite771,198,2196,1,1
sprite772,284,2196,1,1
sprite773,193,2198,2,2
sprite774,197,2198,1,1
sprite775,279,2198,2,2
sprite776,283,2198,1,1
sprite777,205,2199,1,1
sprite778,291,2199,1,1
sprite779,196,2200,1,1
sprite780,188,2200,18,30
sprite781,251,2200,2,2
sprite782,282,2200,1,1
sprite783,274,2200,18,30
sprite784,208,2201,1,1
sprite785,294,2201,1,1
sprite786,317,2201,17,29
sprite787,144,2202,26,9
sprite788,207,2203,1,2
sprite789,250,2203,1,2
sprite790,293,2203,1,2
sprite791,92,2204,12,11
sprite792,105,2204,3,3
sprite793,207,2206,2,2
sprite794,251,2206,2,2
sprite795,293,2206,2,2
sprite796,48,2209,8,26
sprite797,249,2209,1,1
sprite798,145,2214,16,16
sprite799,449,2214,12,10
sprite800,102,2215,16,15
sprite801,92,2216,3,3
sprite802,16,2217,16,13
sprite803,59,2217,16,13
sprite804,6,2224,3,3
sprite805,6,2228,5,4
sprite806,8,2229,10,10
sprite807,449,2234,16,13
sprite808,19,2236,3,3
sprite809,449,2248,3,3
sprite810,5,2252,19,29
sprite811,115,2252,16,29
sprite812,174,2252,12,29
sprite813,79,2253,17,28
sprite814,147,2253,17,28
sprite815,37,2254,26,26
sprite816,449,2255,3,3
sprite817,453,2255,10,10
sprite818,460,2263,5,4
sprite819,231,2268,16,13
sprite820,278,2268,28,19
sprite821,462,2268,3,3
sprite822,195,2272,16,9
sprite823,220,2273,3,3
sprite824,220,2277,5,4
sprite825,222,2279,10,10
sprite826,452,2282,13,9
sprite827,233,2286,3,3
sprite828,457,2298,8,26
sprite829,147,2303,23,35
sprite830,175,2303,23,35
sprite831,114,2304,22,34
sprite832,208,2304,22,34
sprite833,94,2305,16,33
sprite834,236,2305,16,33
sprite835,321,2306,26,29
sprite836,5,2309,20,29
sprite837,54,2309,16,29
sprite838,74,2309,16,29
sprite839,256,2309,16,29
sprite840,276,2309,16,29
sprite841,29,2322,16,29
sprite842,296,2322,16,15
sprite843,462,2331,1,1
sprite844,464,2331,1,1
sprite845,461,2335,1,1
sprite846,463,2336,2,2
sprite847,458,2337,1,1
sprite848,462,2338,1,1
sprite849,459,2343,1,2
sprite850,461,2343,1,1
sprite851,463,2344,1,1
sprite852,461,2345,1,1
sprite853,458,2346,2,2
sprite854,462,2347,1,1
sprite855,463,2349,1,1
sprite856,458,2355,2,2
sprite857,462,2355,1,1
sprite858,464,2355,1,2
sprite859,461,2357,4,5
sprite860,457,2360,2,2
sprite861,36,2365,14,28
sprite862,163,2365,17,32
sprite863,187,2365,17,29
sprite864,211,2365,17,29
sprite865,235,2365,17,32
sprite866,6,2367,17,25
sprite867,66,2367,17,25
sprite868,459,2367,1,2
sprite869,461,2367,3,8
sprite870,457,2370,2,2
sprite871,130,2372,21,21
sprite872,460,2373,1,1
sprite873,96,2374,21,20
sprite874,261,2378,15,16
sprite875,322,2378,15,16
sprite876,281,2382,16,12
sprite877,301,2382,16,12
sprite878,196,2411,16,16
sprite879,216,2411,16,15
sprite880,236,2411,16,16
sprite881,256,2411,16,16
sprite882,282,2411,15,16
sprite883,304,2411,19,13
sprite884,330,2411,15,15
sprite885,18,2416,18,24
sprite886,148,2422,24,18
sprite887,64,2424,24,18
sprite888,108,2424,18,24
sprite889,195,2436,15,16
sprite890,215,2436,14,14
sprite891,234,2436,15,16
sprite892,261,2438,20,14
sprite893,309,2462,1,2
sprite894,311,2462,1,1
sprite895,314,2462,2,2
sprite896,303,2463,23,33
sprite897,351,2463,1,1
sprite898,353,2463,1,1
sprite899,302,2464,1,1
sprite900,347,2464,1,1
sprite901,299,2466,2,2
sprite902,342,2466,2,2
sprite903,346,2466,1,1
sprite904,16,2467,16,29
sprite905,263,2467,21,29
sprite906,345,2467,23,29
sprite907,53,2469,26,9
sprite908,301,2469,1,2
sprite909,343,2469,1,2
sprite910,224,2470,4,4
sprite911,229,2470,3,3
sprite912,110,2472,3,3
sprite913,114,2472,10,10
sprite914,299,2472,2,2
sprite915,342,2472,1,1
sprite916,226,2473,2,2
sprite917,218,2474,8,7
sprite918,300,2477,2,2
sprite919,121,2480,5,4
sprite920,216,2480,5,4
sprite921,226,2480,16,16
sprite922,58,2481,16,15
sprite923,100,2481,16,15
sprite924,142,2483,16,13
sprite925,174,2483,26,21
sprite926,123,2485,3,3
sprite927,216,2485,3,3
sprite928,166,2490,3,3
sprite929,164,2494,2,2
sprite930,159,2494,10,10
sprite931,157,2501,4,5
sprite932,153,2503,3,3
sprite933,8,2522,26,25
sprite934,57,2524,3,3
sprite935,61,2524,10,10
sprite936,257,2524,12,11
sprite937,270,2524,3,3
sprite938,101,2526,8,26
sprite939,221,2526,8,26
sprite940,49,2531,15,16
sprite941,68,2531,5,4
sprite942,85,2531,15,16
sprite943,121,2531,15,16
sprite944,152,2531,26,25
sprite945,185,2531,24,23
sprite946,230,2531,15,16
sprite947,266,2531,15,16
sprite948,70,2536,3,3
sprite949,257,2536,3,3
sprite950,142,2539,3,3
sprite951,140,2543,5,4
sprite952,133,2544,10,10
sprite953,129,2551,3,3
sprite954,5,2567,16,16
sprite955,25,2567,16,16
sprite956,45,2567,16,16
sprite957,65,2567,16,16
sprite958,90,2567,16,16
sprite959,110,2567,16,16
sprite960,130,2567,16,16
sprite961,155,2575,8,8
sprite962,5,2590,1,7